110065
194293
146982
164426
53958
261329
57767
79497
704575
330803
101353
160491
2610
171455
62953
109890
153504
363100
363098
327778
42166
139663
318826
214205
121961
150948
1661585
79641
184986
1746800
76095
1612691
95594
93605
3352
198837
233262
364861
28743
35977
106729
110172
89460
348061
95423
21299
102651
19652
19554
174237
71008
74558
342684
9583
47554
217632
33660
162820
1537
124195
69203
1532
28909
115855
124925
290643
85372
37073
363844
49244
21116
1778837
107460
174825
132029
48152
169829
1423171
232923
205608
1052937
114863
104679
2597
108854
100348
39861
1343817
5442
199653
28748
229879
113067
51703
105710
291356
81896
6183
41708
118647
19234
28929
72141
251182
68958
218026
40993
354534
147681
338896
88607
251058
121962
151637
52801
53864
1677632
219533
160287
777381
90255
212059
45734
45926
189541
98395
57701
197208
17393
33560
14506
226967
67877
365437
277300
32458
81531
39860
22500
293877
97768
16795
105908
19223
19222
106939
270543
2037575
100649
280984
27009
44702
85876
94327
61874
19426
94402
32202
89000
21678
31646
111680
56374
106442
32405
56114
29412
111681
351728
20469
189529
283116
156966
35916
1129836
220794
35342
1778836
343250
47712
42776
26409
150654
119460
18179
17401
345299
50034
190032
29519
71601
148146
147083
123819
122901
246620
16395
136112
454412
58463
887714
1686633
82616
1758405
1705642
151261
157036
184590
1737648
91422
119202
137817
311607
33289
75161
167806
1772515
1661251
314824
155431
907284
125160
1484623
147372
318491
198549
250486
216826
1739753
119831
1683865
141367
195640
110171
1756596
171378
334783
1771963
111518
178949
157703
54385
310717
67744
141601
267431
56803
60300
151530
1777678
145567
1598429
236061
168119
1675512
118594
108888
139067
344649
278538
141519
1483236
43830
151288
270144
1075669
58896
181162
166906
349392
313077
139983
269150
62920
259306
224810
144524
296126
354390
328011
268018
1756597
1778888
351322
344028
277301
128475
265931
1765631
187619
1712357
87375
757930
1712358
756022
1772516
454408
1632264
516577
1675535
1780431
1779828
1773739